# Frame list with one line of data per frame:
#   FRAME_ID, RIG_ID, RIG_FROM_WORLD[QW, QX, QY, QZ, TX, TY, TZ], NUM_DATA_IDS, DATA_IDS[] as (SENSOR_TYPE, SENSOR_ID, DATA_ID)
# Number of frames: 50
1 1 -0.47358364736534214 0.091935080645806147 0.87392872115037024 -0.059287943489944414 4.3360023475721912 -0.40466222013386527 4.1666811663122667 1 CAMERA 1 1
2 1 -0.4955866758939439 0.09251429707781568 0.86202530163280677 -0.05241498695465819 4.2525243735388676 -0.43662942454596965 3.9622006441810509 1 CAMERA 1 2
3 1 0.5172203330344044 -0.092932401971561149 -0.84957739581056901 0.045441658060724477 4.159122597932897 -0.46212939731756292 3.7611384429244636 1 CAMERA 1 3
4 1 0.53876320061454197 -0.094292149790038041 -0.83614610419439317 0.041266167644777446 4.0525239074922776 -0.48958992922592903 3.5489083847241005 1 CAMERA 1 4
5 1 0.55928848514974661 -0.095217173852226958 -0.82264605588148965 0.037196060612994748 3.9388355543919387 -0.51008145838859709 3.3459312171211257 1 CAMERA 1 5
6 1 0.5794875098584702 -0.095922256083624979 -0.80867063232112013 0.032325765686475931 3.8171216278801636 -0.52640804002533548 3.1520484795025974 1 CAMERA 1 6
7 1 0.60007006279262887 -0.095166612531739109 -0.79383051449685271 0.026312541742416748 3.6822828405578321 -0.52861229453266834 2.9637776138197949 1 CAMERA 1 7
8 1 0.61908105278172609 -0.095000731793118423 -0.77924723537489238 0.022073903280316123 3.5443052566728412 -0.53179203396275876 2.7868849529549395 1 CAMERA 1 8
9 1 0.63887194530952429 -0.094912016187632106 -0.76322620116025142 0.017891689191194101 3.3909514639792135 -0.53432018972439965 2.6080270923189075 1 CAMERA 1 9
10 1 0.65733282316443931 -0.094517344007683593 -0.74752137049430556 0.013850340310495271 3.2358566436019505 -0.53056930060396024 2.4445314502346296 1 CAMERA 1 10
11 1 0.67579599009824054 -0.093557564605632332 -0.73106644718287639 0.0094133774814599107 3.0706031264182849 -0.51878995864361221 2.2817692846507018 1 CAMERA 1 11
12 1 0.69451595658049448 -0.09198622104681127 -0.71355498673952023 0.0050400487865817139 2.8925957410085457 -0.50065672178971687 2.1296346434659386 1 CAMERA 1 12
13 1 0.71234194635075165 -0.090160487325377112 -0.69601710268561778 0.00048037859191229365 2.7122646609662189 -0.47644012152304138 1.9882238741386371 1 CAMERA 1 13
14 1 0.7298338024219696 -0.088086475477739956 -0.67791740239962139 -0.0033747894673534103 2.5229961975096473 -0.4482668157716827 1.8518602548602725 1 CAMERA 1 14
15 1 0.74623823475177675 -0.087664042804301803 -0.65985720181440799 -0.0056555996514453238 2.3329794666760453 -0.43507745328898562 1.7295865225185811 1 CAMERA 1 15
16 1 0.76205889293928564 -0.084713476002458848 -0.64187513663467211 -0.0092832993031755039 2.1401660855722522 -0.39703719342891147 1.6212697286932787 1 CAMERA 1 16
17 1 0.77758000911537228 -0.082925465137708307 -0.62317484566803172 -0.012075114179885028 1.9400093505666165 -0.36742127548582609 1.5176903044500463 1 CAMERA 1 17
18 1 0.79396139169580915 -0.082144973404188415 -0.60223764834013838 -0.013686736741062194 1.7185923486805814 -0.34759286077896639 1.420359162890749 1 CAMERA 1 18
19 1 0.80960177933859456 -0.077597931660471992 -0.58156463137558179 -0.017495697379121537 1.4983691483107371 -0.28975725338277114 1.3346356488702795 1 CAMERA 1 19
20 1 0.82373725754173555 -0.076021370002644542 -0.56151257050873549 -0.019527288629344487 1.2848705312069308 -0.25975198712153713 1.2642259827159759 1 CAMERA 1 20
21 1 0.83817811208301007 -0.07184312901975265 -0.5401921275789402 -0.022101641100839304 1.0581388510839551 -0.20647063478019773 1.201296204305357 1 CAMERA 1 21
22 1 0.85081819596748087 -0.070098081131084192 -0.52023076319088257 -0.023550147817226821 0.84554746460285035 -0.17612807574538733 1.1597520617882295 1 CAMERA 1 22
23 1 0.86404057173301996 -0.06629259167474609 -0.49839391839163477 -0.025351228738541672 0.61623058846850465 -0.12607663512734832 1.1226162407205016 1 CAMERA 1 23
24 1 0.87665238212904284 -0.063143208396077274 -0.47621096970742549 -0.026770290832145476 0.38535732688304325 -0.082316243223819849 1.0997253270453269 1 CAMERA 1 24
25 1 0.8889266870353324 -0.058538879938541524 -0.45340855251335443 -0.028341297071132285 0.15046224895648339 -0.025825087607506108 1.0829892336447406 1 CAMERA 1 25
26 1 0.90041718091713396 -0.055346826411235658 -0.43051852749935476 -0.028972859631613109 -0.082954074959416257 0.016299350175490071 1.0807261953803726 1 CAMERA 1 26
27 1 0.91148605919638725 -0.05027047069135205 -0.40714315114870764 -0.030008301181683884 -0.31872005087910643 0.074347881986747688 1.0881743818388014 1 CAMERA 1 27
28 1 0.92172623711238488 -0.046043381397915854 -0.38388741148538408 -0.030515670583183736 -0.54974870071716464 0.12247481121616979 1.112887380272402 1 CAMERA 1 28
29 1 0.93116160670249715 -0.042850250501650478 -0.3607954981060571 -0.030471737422930339 -0.77583117070658469 0.16008056683556604 1.1482114890328698 1 CAMERA 1 29
30 1 0.94006736725211049 -0.038030818270301525 -0.33748656944120226 -0.030492906325661602 -1.0001376841432246 0.20950391437816898 1.1904421251552506 1 CAMERA 1 30
31 1 0.94850786206319426 -0.033370783924053481 -0.31354096828442379 -0.03018754034148061 -1.2255169642589674 0.25402357722177832 1.2523237149798814 1 CAMERA 1 31
32 1 0.95657808992992688 -0.028036241452110117 -0.2886431915204411 -0.02928199139652031 -1.4548051746032993 0.29913476407449763 1.3237942201076638 1 CAMERA 1 32
33 1 0.96379438706879339 -0.023754456076936131 -0.26407285882635967 -0.028313080059425497 -1.6748869461075251 0.33618592925669466 1.4052382617929609 1 CAMERA 1 33
34 1 0.96979070983683191 -0.01815888443384937 -0.24168909557955121 -0.027615486746217482 -1.8733773362382296 0.38026943620233672 1.4911744603872048 1 CAMERA 1 34
35 1 0.97576100939281085 -0.012750821227591209 -0.21688495846980421 -0.026244692726269357 -2.0849727863332745 0.41774926143024699 1.5951966458595905 1 CAMERA 1 35
36 1 0.98085204725648167 -0.0078270313779518607 -0.1930547009212196 -0.024451613950732566 -2.2837506981260192 0.44758784946749364 1.7070832916569023 1 CAMERA 1 36
37 1 0.98527783322747797 -0.0013478874239453609 -0.16943647819050875 -0.022738830410902289 -2.474942128419352 0.48510573102088755 1.8272597115182803 1 CAMERA 1 37
38 1 0.98918720917497172 0.0036132656556305026 -0.14514865474807928 -0.020675529999394138 -2.6638260229469384 0.50978069518091629 1.9571659902178391 1 CAMERA 1 38
39 1 0.9924071335990724 0.0086873273706009526 -0.12133881992014407 -0.018152198357654654 -2.8436229882957234 0.5294082627339165 2.0940248597950242 1 CAMERA 1 39
40 1 0.99498613413554193 0.013682405690735823 -0.097887812592863097 -0.015276151292399405 -3.0151821984014742 0.54354116648427298 2.2349679057144396 1 CAMERA 1 40
41 1 0.99705100032290828 0.019200394779770015 -0.073267485028195953 -0.012350029677371369 -3.1849162870126642 0.55619787840371415 2.3984479067926072 1 CAMERA 1 41
42 1 0.99846010954425224 0.023301159344204125 -0.049550549890606525 -0.0088999229004835499 -3.3428204267700146 0.55750862605298024 2.5530416483152054 1 CAMERA 1 42
43 1 0.99926032438042056 0.028386597435475839 -0.025366380394887245 -0.0054361706039367597 -3.4948857757432372 0.55979574916750785 2.7245087113717901 1 CAMERA 1 43
44 1 0.9994201949346464 0.034002032977289064 -0.0011187200962377429 -0.0013726527423821324 -3.6398821522770617 0.556817626650977 2.9048118441536275 1 CAMERA 1 44
45 1 0.99894853597135269 0.03947816665829465 0.023138507802693768 0.0028118134105901689 -3.776015835817867 0.54910164555456553 3.0906815758426003 1 CAMERA 1 45
46 1 0.99785807720675312 0.044042090132982797 0.047853648978522893 0.007041330087448474 -3.903334511470673 0.53473331706324068 3.2809029859008949 1 CAMERA 1 46
47 1 0.99609290054870581 0.048982612832811058 0.07255223543133274 0.011653765505349771 -4.0223092804947154 0.51614481411318125 3.4799083315645101 1 CAMERA 1 47
48 1 0.9937052216686233 0.053535170742451531 0.097000092555860687 0.016580107546192994 -4.1305725396392496 0.48831283343371018 3.6861681981898626 1 CAMERA 1 48
49 1 0.990700128791837 0.058377144987029998 0.12097960773782754 0.021663293069210193 -4.2277571827871041 0.45850988326109443 3.8921408979808674 1 CAMERA 1 49
50 1 0.98708159333195755 0.063458147275508761 0.14456997378077255 0.027249116144024508 -4.3149368461252937 0.42197408731225589 4.0997738429170933 1 CAMERA 1 50
