# Frame list with one line of data per frame:
#   FRAME_ID, RIG_ID, RIG_FROM_WORLD[QW, QX, QY, QZ, TX, TY, TZ], NUM_DATA_IDS, DATA_IDS[] as (SENSOR_TYPE, SENSOR_ID, DATA_ID)
# Number of frames: 100
1 1 0.19456787655236205 -0.072814239618687146 0.39501145914595004 0.894878413565801 -0.079790762806587465 -1.4139599249557866 2.1277851832471724 1 CAMERA 1 1
2 1 0.29486980329738 -0.19398744676152704 0.56106570561320146 0.74874958670243585 0.093540906826518069 -2.2731904064304351 2.9892223241952336 1 CAMERA 1 2
3 1 0.71204032159278929 -0.4308172665546911 0.31790105259844958 0.45424000706804685 0.56225749146855775 -2.3588692189832861 3.268099021938323 1 CAMERA 1 3
4 1 -0.049557018896877005 0.027294006128403422 0.57428355850338908 0.81669916954788302 -0.34889605513323524 -2.2327811313683021 2.9631965423970659 1 CAMERA 1 4
5 1 0.72888598641051672 -0.32251634552821784 0.28091227097099286 0.53459959006663194 0.54281372588356702 -1.9516974121645203 2.6559128112428718 1 CAMERA 1 5
6 1 0.99992844649554602 -0.011430609134681273 0.002490360872776611 0.0024982326828282874 0.30253329364733211 -0.71007592710718614 1.8436972770811999 1 CAMERA 1 6
7 1 0.15947971488594748 -0.0039457166053101598 0.076358039428287158 0.98423579577001552 -0.13380890533289777 0.31683384271789361 1.7527413377393648 1 CAMERA 1 7
8 1 0.42745847044689328 -0.31746352515596332 0.54666647897531484 0.6462599531175387 0.30338202894715771 -2.4443247266000809 3.3447066252594428 1 CAMERA 1 8
9 1 0.22239888257664076 -0.1222732846933739 0.51459378365448283 0.819012343437581 -0.026036105073720103 -2.0061082435489332 2.6282045913003169 1 CAMERA 1 9
10 1 0.8156975653288967 -0.53992853085448045 0.12717750409692588 0.16413575459816585 0.47058794689240807 -2.5844238230444692 3.8491625318538061 1 CAMERA 1 10
11 1 0.89061036658227966 -0.45298950060135496 -0.018733687290856428 -0.0355350002335863 0.26125536279490513 -2.4898237940657841 3.4384838276015355 1 CAMERA 1 11
12 1 -0.22724406381033624 0.087914957915972106 0.41756155878904017 0.87537045886828047 -0.48879918127514466 -1.7394662419793616 2.4272193088529797 1 CAMERA 1 12
13 1 0.6513150941009368 -0.28417952980321581 0.32336615383643497 0.62487196575789994 0.48249726737517407 -1.8451987463782198 2.5293855802510579 1 CAMERA 1 13
14 1 0.54583281252548554 -0.20825623437169974 0.33631118965119616 0.73864109371956488 0.36403067591701482 -1.5513913771295833 2.2531248565543947 1 CAMERA 1 14
15 1 -0.40599841834143829 0.32472619183618079 0.57732948905910109 0.62961007433377347 -0.56572658525432384 -2.6054745050795107 4.0700440316798749 1 CAMERA 1 15
16 1 0.97483752467398554 -0.10775302678426055 0.03628005289968067 0.19174160599078033 0.46110172172473224 -1.0550398098403095 1.9901947031507241 1 CAMERA 1 16
17 1 0.057749435669481243 -0.044715757581669797 0.6381894299303047 0.76640704278404603 -0.22569018849158851 -2.420772184106462 3.2689158509939591 1 CAMERA 1 17
18 1 0.99179261395019513 -0.034382779113024925 -0.010436505096818854 -0.12270417586890943 0.17497011077695776 -0.89031388322979688 1.8883376581047477 1 CAMERA 1 18
19 1 -0.33364752527263281 0.22441462490190037 0.56345157612100016 0.72169226570356693 -0.55559095211999998 -2.4705525412412386 3.5164923434253272 1 CAMERA 1 19
20 1 0.49287434815430087 -0.31361059488124771 0.47873895939414624 0.65538712259847853 0.35939662388397231 -2.2803971478763692 3.0465134274774734 1 CAMERA 1 20
21 1 0.24406128203137709 -0.12313622787613983 0.48311917775562546 0.83178568158051658 -0.0022617218431181295 -1.8759793927818849 2.4933245656707226 1 CAMERA 1 21
22 1 0.11938467688023428 -0.05324512195925412 0.4493950458042521 0.88371734662183721 -0.1651945281411813 -1.6683459897120494 2.3151583371750357 1 CAMERA 1 22
23 1 -0.42801787176856371 0.21533286201455071 0.4464489676895208 0.75572202510730968 -0.56867728685586383 -2.2121349231000687 3.0005945452825196 1 CAMERA 1 23
24 1 0.56919569570085082 -0.39593298051607562 -0.44942909301049067 -0.56326443638050616 -0.49235188884447156 -2.6011578762771514 3.9506404957203385 1 CAMERA 1 24
25 1 0.71146046289138032 -0.5156624725150456 -0.30398735473417104 -0.36811399368099856 -0.23949907441404147 -2.6737341547486277 4.2698401518890812 1 CAMERA 1 25
26 1 0.45882786852912555 -0.18639367394915718 0.37715574267842206 0.78261608157348928 0.26072618172144701 -1.5980236969254575 2.2808699303708257 1 CAMERA 1 26
27 1 0.098188883753734954 -0.077037575781572193 0.6504078922636346 0.74926212282890059 -0.17024109664272338 -2.4621733208428509 3.3496941639679711 1 CAMERA 1 27
28 1 0.74389103544849089 -0.50856550213784202 -0.26653574533951802 -0.34197361575268387 -0.18799797475241864 -2.6677554206709866 4.1401409607291288 1 CAMERA 1 28
29 1 0.63849081924852691 -0.30056445362512052 0.34342875585275462 0.61971539645695961 0.47781568821414727 -1.9467135899274599 2.6311739201387612 1 CAMERA 1 29
30 1 0.73188225364170978 -0.59174551469877412 -0.22835872310312502 -0.24907409785227647 -0.07138997188448698 -2.6814752673545046 4.5970517991815498 1 CAMERA 1 30
31 1 0.38156172128915999 -0.058936029366504189 0.19794975233280585 0.90097341405878606 0.12877448786289514 -0.42167730333820114 1.7633098320470895 1 CAMERA 1 31
32 1 0.45350734347651495 -0.0077815268696268544 0.071905020158490304 0.88831312346967994 0.20986168474128047 0.27915803356077101 1.7540066009243649 1 CAMERA 1 32
33 1 0.013616882005430639 -0.0072157798568055764 0.35909203396714701 0.93317491617962256 -0.28189816120461131 -1.2453702101202053 2.052071344907187 1 CAMERA 1 33
34 1 -0.39145564541538846 0.10107814693288351 0.29026095516114075 0.86734898616069089 -0.55653402418315934 -1.3592964764737347 2.167193600645021 1 CAMERA 1 34
35 1 0.41785683552502506 -0.31580833535153613 0.55535401998564615 0.64594324271818693 0.29406724869714879 -2.4601160495192613 3.378229784247567 1 CAMERA 1 35
36 1 0.97144072478847765 -0.13735903206481065 -0.037423210662852847 -0.18982865388644427 0.094590577547312815 -1.4203148914004253 2.1384693107148869 1 CAMERA 1 36
37 1 0.055730613989255322 -0.031466014105515243 0.51726155841826427 0.85343099826723001 -0.23530266074986667 -1.9758046575046182 2.6125503148189728 1 CAMERA 1 37
38 1 0.90600509908670723 -0.36696372249662618 0.093440922428178197 0.18910626857953725 0.47324956923808664 -2.1573439894916304 2.8873004164333405 1 CAMERA 1 38
39 1 0.58675691393078067 -0.3242193013984534 0.40052948727309406 0.62463933464030097 0.44697367599845444 -2.1390602878658749 2.8544206612471381 1 CAMERA 1 39
40 1 0.9695762762495902 -0.20413258999007283 -0.033651233533796322 -0.13084083735431029 0.15684303850037215 -1.6982108046672773 2.3396014027064647 1 CAMERA 1 40
41 1 0.66687773629053659 -0.2591896464923748 0.29586838012702099 0.6328954997724191 0.48525824997827843 -1.6908390390693635 2.3933964931112892 1 CAMERA 1 41
42 1 0.9117964753962331 -0.25944590289567376 -0.10512963593746734 -0.30043763175293253 -0.051734191652950401 -1.9889807350040856 2.6100287146070626 1 CAMERA 1 42
43 1 -0.34466469709798364 0.13447616478213018 0.39798751004770366 0.8394810000981997 -0.54769416003612403 -1.8261680154525521 2.5234573009138197 1 CAMERA 1 43
44 1 0.47960037124249977 -0.25365403228309491 0.43904629993723698 0.71615742844852548 0.31452814618457114 -2.0122677550255705 2.6666181106981841 1 CAMERA 1 44
45 1 0.089489897689394429 -0.013907976854770996 0.19504192868635328 0.97660471657966941 -0.20907373996992035 -0.34779485623224005 1.7605408739999511 1 CAMERA 1 45
46 1 0.76110309707795065 -0.61113480386055119 0.14828154490226633 0.1588990578010907 0.47631612178872962 -2.643791714785741 4.3209037771342631 1 CAMERA 1 46
47 1 0.62285307413848334 -0.15195766230447855 -0.23099120826624187 -0.73185106313163251 -0.52680540028641365 -1.551540290410226 2.2859650350628202 1 CAMERA 1 47
48 1 0.88435433420593546 -0.44563179825593202 0.072045876946876891 0.11890796259845947 0.42307167311951038 -2.41376221301981 3.3117705460430211 1 CAMERA 1 48
49 1 0.13947720221131968 -0.033819025609873141 0.27699191902146586 0.95009360610779148 -0.14727360972239281 -0.78350340154636033 1.8519410671099936 1 CAMERA 1 49
50 1 0.54802231737339724 -0.097529665876542895 -0.19943614612123275 -0.80646433743533363 -0.56174860203225385 -1.1644312797552707 2.06299688697545 1 CAMERA 1 50
51 1 0.61880435271626544 -0.093768950100741127 0.16875262114776354 0.76145328806970691 0.3969827524425576 -0.56607117441470478 1.8224587479707757 1 CAMERA 1 51
52 1 -0.48096574783059198 0.2133579672738817 0.39666354275215232 0.75220234050807644 -0.56429679308800607 -2.1036848978360885 2.8406069089964916 1 CAMERA 1 52
53 1 0.74539716472995143 -0.53406585926333261 0.25375856450613488 0.30783650810398316 0.55873272302764809 -2.5623906601339579 3.8353529455509632 1 CAMERA 1 53
54 1 0.61311350679237631 -0.44174876886484415 -0.41659777957541799 -0.50536733476549578 -0.4332540531022091 -2.6363231354044072 4.1180275965884281 1 CAMERA 1 54
55 1 -0.13281575379550936 0.092941985977025632 0.63073103456646373 0.75888083703641862 -0.43397134000921955 -2.4593425648425429 3.4175411993501768 1 CAMERA 1 55
56 1 0.83668835871351388 0.016691454672173939 0.026594121571247912 0.54677850948264861 0.55893630892292956 0.020500664090532677 1.7890962231183285 1 CAMERA 1 56
57 1 0.55004734727037408 -0.36081347244483608 0.45340282977383473 0.60140454588920689 0.43467468002621451 -2.3463789119641878 3.1846015195601871 1 CAMERA 1 57
58 1 0.63654073237643038 -0.078342317241953646 -0.14424734130322986 -0.75357221411208386 -0.52624861094700015 -1.0166720072341504 1.9861431650657477 1 CAMERA 1 58
59 1 0.33706624528243251 -0.10455063877750978 0.33186017545696639 0.87482817408225333 0.090258788177861954 -1.1636845026507661 1.9932864015204772 1 CAMERA 1 59
60 1 0.39969791588019821 -0.1681068612970153 0.40113205517580919 0.80689202098937851 0.18853627534775916 -1.6304269239224189 2.2931876040651673 1 CAMERA 1 60
61 1 0.92452301674079329 -0.24009751403017504 -0.09118028428636947 -0.28159639740325121 -0.02478812578411425 -1.9045225025022248 2.520970000999613 1 CAMERA 1 61
62 1 0.37945429797898184 -0.2162414295074534 0.4936126831354542 0.75206422528775352 0.192104648248454 -2.0894836596157811 2.738276730428181 1 CAMERA 1 62
63 1 0.77039071215391675 -0.36908910356977503 -0.25400619747135 -0.45359920182820707 -0.2885999436928926 -2.4343846920025678 3.3126570555862527 1 CAMERA 1 63
64 1 0.99826501086382269 0.028823072982663688 0.0041854568319435207 0.05117304466216608 0.34755034567500792 -0.46828153048796656 1.7938937819827963 1 CAMERA 1 64
65 1 0.71690622759839806 -0.23486705410463368 -0.24384852924994027 -0.60944304287561279 -0.43711889257257075 -1.9739393573016193 2.6453167039957743 1 CAMERA 1 65
66 1 0.37289291306640071 -0.082445692418426378 0.2557292895508676 0.88811942533215005 0.12400194372900412 -0.75640623064689883 1.8411594076156403 1 CAMERA 1 66
67 1 0.60401783002316989 -0.32905724470750342 -0.38909309188237795 -0.61277267935917201 -0.49400868946166959 -2.4359386170166237 3.394809743601972 1 CAMERA 1 67
68 1 0.52802440772257164 -0.2570977942675865 0.39984514089816031 0.70371500789175989 0.36496241795230311 -1.9116219921122664 2.569800269868423 1 CAMERA 1 68
69 1 0.68859707704882678 -0.037854099586560559 -0.088152032598676086 -0.71877002704135129 -0.49202760831225617 -0.74610000391878517 1.8804531156914372 1 CAMERA 1 69
70 1 0.77647180905622726 -0.62072125610072604 0.07474236740967781 0.078805015574412787 0.3970153484340857 -2.6586133963302436 4.4056182639934587 1 CAMERA 1 70
71 1 0.89563853670534843 -0.41745914663347378 -0.071574170644718077 -0.13578148090544248 0.13790255871304996 -2.4443318895614889 3.3073381080198101 1 CAMERA 1 71
72 1 0.12071557863302522 -0.091785623708003444 0.63853014470366187 0.75450805340999993 -0.14042787635794107 -2.4318904744506287 3.2798218484498722 1 CAMERA 1 72
73 1 -0.36433947224788532 0.26878104122656654 0.57795814098332199 0.67895352426392042 -0.5637467016783515 -2.5522145472690769 3.7911920292219077 1 CAMERA 1 73
74 1 0.8555113201211707 -0.51641022234327261 0.023184996385018728 0.029720688863651246 0.33614295424456425 -2.5860045358097534 3.7642616727641549 1 CAMERA 1 74
75 1 0.70186473703941299 -0.097323283609218589 0.14318757326904913 0.69094962785244785 0.47999658842199544 -0.58918434943804543 1.8426347632598494 1 CAMERA 1 75
76 1 0.12771901041678024 -0.075404321740027425 0.5465708275230563 0.82417375179135988 -0.14528352031408578 -2.1008669844773742 2.7491668633337034 1 CAMERA 1 76
77 1 0.63997893230663794 -0.2423133639510959 -0.3032644458349279 -0.6631303610503696 -0.49621765583728422 -2.0651330371447019 2.767922917339892 1 CAMERA 1 77
78 1 0.38578841035120953 -0.11717731923104158 0.32046477904725329 0.85716923864935135 0.15012985523533326 -1.1500202486748035 1.989333228058028 1 CAMERA 1 78
79 1 0.98689440223213787 -0.13340061284265847 -0.016219107750402268 -0.089334516732645516 0.21021635894359547 -1.3617642989217305 2.11257986819514 1 CAMERA 1 79
80 1 0.34162410293560935 -0.18392903314740316 0.48706225997472874 0.78245347335621918 0.13389988724947502 -1.9959081815389919 2.6283867580940208 1 CAMERA 1 80
81 1 0.86937963701837617 -0.49337612170978778 0.016574119132172927 0.022007904021001102 0.32829505357266886 -2.5503157288883829 3.6318318759326815 1 CAMERA 1 81
82 1 0.69477968563983605 -0.41267668917400152 -0.33325453982656306 -0.48571653288680711 -0.36324738052585942 -2.569957733416953 3.7164261318037108 1 CAMERA 1 82
83 1 0.8738055412582032 -0.13717431975246178 -0.10074103376997114 -0.45551984169942067 -0.22905829819631701 -1.4551367441256631 2.1682992028200729 1 CAMERA 1 83
84 1 0.3773921838301133 -0.1740188908478294 0.43327861280876656 0.79972633375082769 0.16641675497643643 -1.7710910767916559 2.404059334459026 1 CAMERA 1 84
85 1 0.47798683733378272 -0.28419829258893969 0.46956995633287762 0.68575795287748498 0.32900655187947847 -2.1826865106789133 2.8881222815110683 1 CAMERA 1 85
86 1 0.10682464649020758 -0.068338861803867154 0.57431010033666785 0.80875596042371189 -0.16788917637319156 -2.2065821477226994 2.8919520384886255 1 CAMERA 1 86
87 1 0.86211372290521471 -0.31425638522688121 0.16046848103643035 0.36366567024742047 0.56301690160986084 -1.8921746793413319 2.5915222357271581 1 CAMERA 1 87
88 1 0.96034671126399673 -0.21436437774135511 0.051813874237472565 0.1705796885812926 0.45223330181342403 -1.5710928672761628 2.2852895677250697 1 CAMERA 1 88
89 1 0.7972932196147543 -0.20575429362567241 -0.17654059275105261 -0.53927925207822236 -0.34301124003539718 -1.8053467749480514 2.4553493698467128 1 CAMERA 1 89
90 1 0.48524784747754418 -0.36116415824332337 0.51548828472954089 0.60693229080795952 0.38201691394703702 -2.4613605447537239 3.4114996771314861 1 CAMERA 1 90
91 1 0.6618621389424183 -0.42799443694104833 0.36821845353770505 0.49312720616123262 0.53796692755518216 -2.3969767696730426 3.3330694325449701 1 CAMERA 1 91
92 1 0.85791048929163793 -0.33101813135509833 -0.1639013624441773 -0.35714553401450194 -0.13955795276269092 -2.2735563641392695 2.9875570178313811 1 CAMERA 1 92
93 1 -0.24844094232069705 0.11779344276075761 0.47511192972719674 0.83586509512736062 -0.50648458665835427 -2.0245706882832613 2.724030260675558 1 CAMERA 1 93
94 1 0.57455605840334456 -0.41381810389872137 -0.4494886626707944 -0.54460981883188686 -0.47959054876609819 -2.6205162995188411 4.0561110551400139 1 CAMERA 1 94
95 1 0.49534253824776214 -0.35381006093636197 0.50199504639208392 0.61437381453011297 0.38473489116978177 -2.4222546007886931 3.3215689470230783 1 CAMERA 1 95
96 1 -0.35620301858494735 0.25286305461942615 0.57006296894771846 0.69585048436716457 -0.56304916852062925 -2.5220625391044171 3.6754778416331457 1 CAMERA 1 96
97 1 -0.27614323744886732 0.2091445509833651 0.61885744476604954 0.70499569662719308 -0.53791423357182122 -2.5451129592308388 3.7411473668407389 1 CAMERA 1 97
98 1 0.98559459305024533 -0.052063293086102531 -0.017320728572024758 -0.15997719845304859 0.1341011432706114 -0.99350851491571468 1.9252669838982439 1 CAMERA 1 98
99 1 0.82083387234012861 -0.02177963901322047 0.053773651402524603 0.56821280851315137 0.55460697330091668 -0.19108234336383198 1.7964634045152321 1 CAMERA 1 99
100 1 0.91686947529940155 -0.33318685429921496 -0.086216954164735182 -0.20224619205549921 0.062616973392907088 -2.2239004903236324 2.9084167866913928 1 CAMERA 1 100
